
%% Water

rho_0=1000;
eta_0 = 1e-3;

%% Bone

phi=0.4;
q_0_i=[1.2 0 0;0 0.8 0;0 0 0.7].*10e-12; %[m2]
alpha_i=[2 0 0;0 3 0; 0 0 3.6];
rho_1=1815;
Ks=28e9;
Kf=2.5e9;



C_i=[19.4+1i*0.360 11.7+1i*0.004 11.50+1i*0.002 0 0 0;
    11.7+1i*0.004 21.4+1i*0.360 12.03+1i*0.002 0 0 0;
    11.50+1i*0.002 12.03+1i*0.002 28.3+1i*0.370    0    0    0;
    0                          0                          0                 6.04+1i*0.018    0      0;
    0                          0                          0                 0          5.42+1i*0.018     0;
    0                          0                          0                 0     0     3.82+1i*0.018].*1e9;
M=(5.75 + 1j*0.35)*1E9;
a_i=zeros(3,3);
a_i(1,1)=(3.35+1i*0.003)*1E9 /M;
a_i(2,2)=(3.14+1i*0.002)*1E9 /M;
a_i(3,3)=(2.59+1i*0.0003)*1E9/M;
